   '''
        TimeStep(step_type=<StepType.FIRST: 0>, reward=0, discount=1.0, observation={'single_select': NamedNumpyArray([[0, 0, 0, 0, 0, 0, 0]], [None, ['unit_type', 'player_relative', 'health', 'shields', 'energy', 'transport_slots_taken', 'build_progress']]), 'multi_select': array([], shape=(0, 7), dtype=int32), 'build_queue': array([], shape=(0, 7), dtype=int32), 'cargo': array([], shape=(0, 7), dtype=int32), 'cargo_slots_available': array([0]), 'feature_screen': NamedNumpyArray([[[  0,   0,   0, ..., 255, 255, 255],
                  [  0,   0,   0, ..., 255, 255, 255],
                  [  0,   0,   0, ..., 255, 255, 255],
                  ...,
                  [146, 170, 170, ..., 255, 255, 255],
                  [146, 170, 170, ..., 255, 255, 255],
                  [146, 170, 170, ..., 255, 255, 255]],

                 [[  0,   0,   0, ...,   0,   0,   0],
                  [  0,   0,   0, ...,   0,   0,   0],
                  [  0,   0,   0, ...,   0,   0,   0],
                  ...,
                  [  0,   0,   0, ...,   2,   2,   2],
                  [  0,   0,   0, ...,   2,   2,   2],
                  [  0,   0,   0, ...,   2,   2,   2]],

                 [[  0,   0,   0, ...,   0,   0,   0],
                  [  0,   0,   0, ...,   0,   0,   0],
                  [  0,   0,   0, ...,   0,   0,   0],
                  ...,
                  [  0,   0,   0, ...,   0,   0,   0],
                  [  0,   0,   0, ...,   0,   0,   0],
                  [  0,   0,   0, ...,   0,   0,   0]],

                 ...,

                 [[  0,   0,   0, ...,   0,   0,   0],
                  [  0,   0,   0, ...,   0,   0,   0],
                  [  0,   0,   0, ...,   0,   0,   0],
                  ...,
                  [  0,   0,   0, ...,   0,   0,   0],
                  [  0,   0,   0, ...,   0,   0,   0],
                  [  0,   0,   0, ...,   0,   0,   0]],

                 [[  0,   0,   0, ...,   0,   0,   0],
                  [  0,   0,   0, ...,   0,   0,   0],
                  [  0,   0,   0, ...,   0,   0,   0],
                  ...,
                  [  0,   0,   0, ...,   0,   0,   0],
                  [  0,   0,   0, ...,   0,   0,   0],
                  [  0,   0,   0, ...,   0,   0,   0]],

                 [[  0,   0,   0, ...,   0,   0,   0],
                  [  0,   0,   0, ...,   0,   0,   0],
                  [  0,   0,   0, ...,   0,   0,   0],
                  ...,
                  [  0,   0,   0, ...,   0,   0,   0],
                  [  0,   0,   0, ...,   0,   0,   0],
                  [  0,   0,   0, ...,   0,   0,   0]]], [['height_map', 'visibility_map', 'creep', 'power', 'player_id', '...', 'unit_shields', 'unit_shields_ratio', 'unit_density', 'unit_density_aa', 'effects'], None, None]), 'feature_minimap': NamedNumpyArray([[[170, 170, 170, ..., 170, 170, 170],
                  [170, 170, 170, ..., 170, 170, 170],
                  [170, 170, 170, ..., 170, 170, 170],
                  ...,
                  [  0,   0,   0, ...,   0,   0,   0],
                  [  0,   0,   0, ...,   0,   0,   0],
                  [  0,   0,   0, ...,   0,   0,   0]],

                 [[  0,   0,   0, ...,   0,   0,   0],
                  [  0,   0,   0, ...,   0,   0,   0],
                  [  0,   0,   0, ...,   0,   0,   0],
                  ...,
                  [  0,   0,   0, ...,   0,   0,   0],
                  [  0,   0,   0, ...,   0,   0,   0],
                  [  0,   0,   0, ...,   0,   0,   0]],

                 [[  0,   0,   0, ...,   0,   0,   0],
                  [  0,   0,   0, ...,   0,   0,   0],
                  [  0,   0,   0, ...,   0,   0,   0],
                  ...,
                  [  0,   0,   0, ...,   0,   0,   0],
                  [  0,   0,   0, ...,   0,   0,   0],
                  [  0,   0,   0, ...,   0,   0,   0]],

                 ...,

                 [[  0,   0,   0, ...,   0,   0,   0],
                  [  0,   0,   0, ...,   0,   0,   0],
                  [  0,   0,   0, ...,   0,   0,   0],
                  ...,
                  [  0,   0,   0, ...,   0,   0,   0],
                  [  0,   0,   0, ...,   0,   0,   0],
                  [  0,   0,   0, ...,   0,   0,   0]],

                 [[  0,   0,   0, ...,   0,   0,   0],
                  [  0,   0,   0, ...,   0,   0,   0],
                  [  0,   0,   0, ...,   0,   0,   0],
                  ...,
                  [  0,   0,   0, ...,   0,   0,   0],
                  [  0,   0,   0, ...,   0,   0,   0],
                  [  0,   0,   0, ...,   0,   0,   0]],

                 [[  0,   0,   0, ...,   0,   0,   0],
                  [  0,   0,   0, ...,   0,   0,   0],
                  [  0,   0,   0, ...,   0,   0,   0],
                  ...,
                  [  0,   0,   0, ...,   0,   0,   0],
                  [  0,   0,   0, ...,   0,   0,   0],
                  [  0,   0,   0, ...,   0,   0,   0]]], [['height_map', 'visibility_map', 'creep', 'camera', 'player_id', 'player_relative', 'selected'], None, None]), 'last_actions': array([1]), 'action_result': array([], dtype=int32), 'alerts': array([], dtype=int32), 'game_loop': array([16]), 'score_cumulative': NamedNumpyArray([1100,    4,    0,  700,  300,    0,    0,    0,    0,
                    0,    0,    0,    0], ['score', 'idle_production_time', 'idle_worker_time', 'total_value_units', 'total_value_structures', '...', 'collected_vespene', 'collection_rate_minerals', 'collection_rate_vespene', 'spent_minerals', 'spent_vespene']), 'player': NamedNumpyArray([ 1, 50,  0, 12, 14,  0, 12,  0,  0,  0,  0], ['player_id', 'minerals', 'vespene', 'food_used', 'food_cap', 'food_army', 'food_workers', 'idle_worker_count', 'army_count', 'warp_gate_count', 'larva_count']), 'control_groups': array([[0, 0],
       [0, 0],
       [0, 0],
       [0, 0],
       [0, 0],
       [0, 0],
       [0, 0],
       [0, 0],
       [0, 0],
       [0, 0]]), 'feature_units': NamedNumpyArray([[  104,     1,    40,     0,     0,     0,   100,   255,
                      0,     0,     1,     1,    34,    27,     2,     1,
                      3,     0,     0,     0,     0,     0,     0,     0,
                      0,     0],
                 [  104,     1,    40,     0,     0,     0,   100,   255,
                      0,     0,     1,     1,    35,    36,     1,     1,
                      3,     0,     0,     0,     0,     0,     0,     0,
                      0,     0],
                 [  666,     3, 10000,     0,     0,     0,   100,   255,
                      0,     0,     1,    16,    21,    36,     4,     3,
                      3,     0,     0,     0,   900,     0,     0,     0,
                      0,     0],
                 [  104,     1,    40,     0,     0,     0,   100,   255,
                      0,     0,     1,     1,    36,    46,     1,     1,
                      3,     0,     0,     0,     0,     0,     0,     0,
                      0,     0],
                 [  104,     1,    40,     0,     0,     0,   100,   255,
                      0,     0,     1,     1,    35,    39,     1,     1,
                      3,     0,     0,     0,     0,     0,     0,     0,
                      0,     0],
                 [  665,     3, 10000,     0,     0,     0,   100,   255,
                      0,     0,     1,    16,    25,    40,     4,     3,
                      3,     0,     0,     0,  1800,     0,     0,     0,
                      0,     0],
                 [  151,     1,    25,     0,     0,     0,   100,   255,
                      0,     0,     1,     1,    43,    51,     3,     0,
                      3,     0,     0,     0,     0,     0,     0,     0,
                      0,     0],
                 [  104,     1,    40,     0,     0,     0,   100,   255,
                      0,     0,     1,     1,    40,    27,     2,     1,
                      3,     0,     0,     0,     0,     0,     0,     0,
                      0,     0],
                 [  343,     3, 10000,     0,     0,     0,   100,   255,
                      0,     0,     1,    16,    58,    15,     4,     5,
                      3,     0,     0,     0,     0,  2250,     0,     0,
                      0,     0],
                 [  665,     3, 10000,     0,     0,     0,   100,   255,
                      0,     0,     1,    16,    42,    19,     4,     3,
                      3,     0,     0,     0,  1800,     0,     0,     0,
                      0,     0],
                 [  104,     1,    40,     0,     0,     0,   100,   255,
                      0,     0,     1,     1,    37,    27,     2,     1,
                      3,     0,     0,     0,     0,     0,     0,     0,
                      0,     0],
                 [  665,     3, 10000,     0,     0,     0,   100,   255,
                      0,     0,     1,    16,    25,    33,     4,     3,
                      3,     0,     0,     0,  1800,     0,     0,     0,
                      0,     0],
                 [  666,     3, 10000,     0,     0,     0,   100,   255,
                      0,     0,     1,    16,    32,    19,     4,     3,
                      3,     0,     0,     0,   900,     0,     0,     0,
                      0,     0],
                 [  104,     1,    40,     0,     0,     0,   100,   255,
                      0,     0,     1,     1,    36,    42,     1,     1,
                      3,     0,     0,     0,     0,     0,     0,     0,
                      0,     0],
                 [  151,     1,    25,     0,     0,     0,   100,   255,
                      0,     0,     1,     1,    47,    51,     4,     0,
                      3,     0,     0,     0,     0,     0,     0,     0,
                      0,     0],
                 [  666,     3, 10000,     0,     0,     0,   100,   255,
                      0,     0,     1,    16,    25,    26,     4,     3,
                      3,     0,     0,     0,   900,     0,     0,     0,
                      0,     0],
                 [  104,     1,    40,     0,     0,     0,   100,   255,
                      0,     0,     1,     1,    43,    28,     2,     1,
                      3,     0,     0,     0,     0,     0,     0,     0,
                      0,     0],
                 [  343,     3, 10000,     0,     0,     0,   100,   255,
                      0,     0,     1,    16,    23,    50,     4,     5,
                      3,     0,     0,     0,     0,  2250,     0,     0,
                      0,     0],
                 [  106,     1,   200,     0,     0,     0,   100,   255,
                      0,     0,     1,     1,    58,    50,     3,     3,
                      3,     0,     0,     0,     0,     0,     0,     0,
                      0,     0],
                 [  104,     1,    40,     0,     0,     0,   100,   255,
                      0,     0,     1,     1,    50,    28,     2,     1,
                      3,     0,     0,     0,     0,     0,     0,     0,
                      0,     0],
                 [  666,     3, 10000,     0,     0,     0,   100,   255,
                      0,     0,     1,    16,    46,    15,     4,     3,
                      3,     0,     0,     0,   900,     0,     0,     0,
                      0,     0],
                 [  104,     1,    40,     0,     0,     0,   100,   255,
                      0,     0,     1,     1,    35,    32,     2,     1,
                      3,     0,     0,     0,     0,     0,     0,     0,
                      0,     0],
                 [  104,     1,    40,     0,     0,     0,   100,   255,
                      0,     0,     1,     1,    34,    29,     2,     1,
                      3,     0,     0,     0,     0,     0,     0,     0,
                      0,     0],
                 [   86,     1,  1500,     0,     0,     0,   100,   255,
                      0,     0,     1,     1,    48,    40,     4,     9,
                      3,     0,     0,     0,     0,     0,     0,    12,
                     16,     0],
                 [  104,     1,    40,     0,     0,     0,   100,   255,
                      0,     0,     1,     1,    47,    28,     2,     1,
                      3,     0,     0,     0,     0,     0,     0,     0,
                      0,     0],
                 [  665,     3, 10000,     0,     0,     0,   100,   255,
                      0,     0,     1,    16,    28,    22,     4,     3,
                      3,     0,     0,     0,  1800,     0,     0,     0,
                      0,     0],
                 [  151,     1,    25,     0,     0,     0,   100,   255,
                      0,     0,     1,     1,    50,    49,     2,     0,
                      3,     0,     0,     0,     0,     0,     0,     0,
                      0,     0]], [None, ['unit_type', 'alliance', 'health', 'shield', 'energy', '...', 'vespene_contents', 'cargo_space_max', 'assigned_harvesters', 'ideal_harvesters', 'weapon_cooldown']]), 'available_actions': array([0, 1, 2, 3, 4])})

                     
                     
                     
                     
                     
                     
                     
                     
                     
                     
                     
                     
                     
                     
                     
                     
                     
                     
                     
                     
                     
                     
                     
                     
                     
{'single_select': NamedNumpyArray([[0, 0, 0, 0, 0, 0, 0]], [None, ['unit_type', 'player_relative', 'health', 'shields', 'energy', 'transport_slots_taken', 'build_progress']]), 'multi_select': numpy.array([], (0, 7), dtype=numpy.int32), 'build_queue': numpy.array([], (0, 7), dtype=numpy.int32), 'cargo': numpy.array([], (0, 7), dtype=numpy.int32), 'cargo_slots_available': numpy.array([0]), 'feature_screen': NamedNumpyArray([[[  0,   0,   0, ..., 255, 255, 255],
                  [  0,   0,   0, ..., 255, 255, 255],
                  [  0,   0,   0, ..., 255, 255, 255],
                  ...,
                  [146, 170, 170, ..., 255, 255, 255],
                  [146, 170, 170, ..., 255, 255, 255],
                  [146, 170, 170, ..., 255, 255, 255]],

                 [[  0,   0,   0, ...,   0,   0,   0],
                  [  0,   0,   0, ...,   0,   0,   0],
                  [  0,   0,   0, ...,   0,   0,   0],
                  ...,
                  [  0,   0,   0, ...,   2,   2,   2],
                  [  0,   0,   0, ...,   2,   2,   2],
                  [  0,   0,   0, ...,   2,   2,   2]],

                 [[  0,   0,   0, ...,   0,   0,   0],
                  [  0,   0,   0, ...,   0,   0,   0],
                  [  0,   0,   0, ...,   0,   0,   0],
                  ...,
                  [  0,   0,   0, ...,   0,   0,   0],
                  [  0,   0,   0, ...,   0,   0,   0],
                  [  0,   0,   0, ...,   0,   0,   0]],

                 ...,

                 [[  0,   0,   0, ...,   0,   0,   0],
                  [  0,   0,   0, ...,   0,   0,   0],
                  [  0,   0,   0, ...,   0,   0,   0],
                  ...,
                  [  0,   0,   0, ...,   0,   0,   0],
                  [  0,   0,   0, ...,   0,   0,   0],
                  [  0,   0,   0, ...,   0,   0,   0]],

                 [[  0,   0,   0, ...,   0,   0,   0],
                  [  0,   0,   0, ...,   0,   0,   0],
                  [  0,   0,   0, ...,   0,   0,   0],
                  ...,
                  [  0,   0,   0, ...,   0,   0,   0],
                  [  0,   0,   0, ...,   0,   0,   0],
                  [  0,   0,   0, ...,   0,   0,   0]],

                 [[  0,   0,   0, ...,   0,   0,   0],
                  [  0,   0,   0, ...,   0,   0,   0],
                  [  0,   0,   0, ...,   0,   0,   0],
                  ...,
                  [  0,   0,   0, ...,   0,   0,   0],
                  [  0,   0,   0, ...,   0,   0,   0],
                  [  0,   0,   0, ...,   0,   0,   0]]], [['height_map', 'visibility_map', 'creep', 'power', 'player_id', '...', 'unit_shields', 'unit_shields_ratio', 'unit_density', 'unit_density_aa', 'effects'], None, None]), 'feature_minimap': NamedNumpyArray([[[170, 170, 170, ..., 170, 170, 170],
                  [170, 170, 170, ..., 170, 170, 170],
                  [170, 170, 170, ..., 170, 170, 170],
                  ...,
                  [  0,   0,   0, ...,   0,   0,   0],
                  [  0,   0,   0, ...,   0,   0,   0],
                  [  0,   0,   0, ...,   0,   0,   0]],

                 [[  0,   0,   0, ...,   0,   0,   0],
                  [  0,   0,   0, ...,   0,   0,   0],
                  [  0,   0,   0, ...,   0,   0,   0],
                  ...,
                  [  0,   0,   0, ...,   0,   0,   0],
                  [  0,   0,   0, ...,   0,   0,   0],
                  [  0,   0,   0, ...,   0,   0,   0]],

                 [[  0,   0,   0, ...,   0,   0,   0],
                  [  0,   0,   0, ...,   0,   0,   0],
                  [  0,   0,   0, ...,   0,   0,   0],
                  ...,
                  [  0,   0,   0, ...,   0,   0,   0],
                  [  0,   0,   0, ...,   0,   0,   0],
                  [  0,   0,   0, ...,   0,   0,   0]],

                 ...,

                 [[  0,   0,   0, ...,   0,   0,   0],
                  [  0,   0,   0, ...,   0,   0,   0],
                  [  0,   0,   0, ...,   0,   0,   0],
                  ...,
                  [  0,   0,   0, ...,   0,   0,   0],
                  [  0,   0,   0, ...,   0,   0,   0],
                  [  0,   0,   0, ...,   0,   0,   0]],

                 [[  0,   0,   0, ...,   0,   0,   0],
                  [  0,   0,   0, ...,   0,   0,   0],
                  [  0,   0,   0, ...,   0,   0,   0],
                  ...,
                  [  0,   0,   0, ...,   0,   0,   0],
                  [  0,   0,   0, ...,   0,   0,   0],
                  [  0,   0,   0, ...,   0,   0,   0]],

                 [[  0,   0,   0, ...,   0,   0,   0],
                  [  0,   0,   0, ...,   0,   0,   0],
                  [  0,   0,   0, ...,   0,   0,   0],
                  ...,
                  [  0,   0,   0, ...,   0,   0,   0],
                  [  0,   0,   0, ...,   0,   0,   0],
                  [  0,   0,   0, ...,   0,   0,   0]]], [['height_map', 'visibility_map', 'creep', 'camera', 'player_id', 'player_relative', 'selected'], None, None]), 'last_actions': numpy.array([], dtype=numpy.int32), 'action_result': numpy.array([], dtype=numpy.int32), 'alerts': numpy.array([], dtype=numpy.int32), 'game_loop': numpy.array([592]), 'score_cumulative': NamedNumpyArray([1355,  148,    0,  700,  300,    0,    0,  255,    0,
                  755,    0,    0,    0], ['score', 'idle_production_time', 'idle_worker_time', 'total_value_units', 'total_value_structures', '...', 'collected_vespene', 'collection_rate_minerals', 'collection_rate_vespene', 'spent_minerals', 'spent_vespene']), 'player': NamedNumpyArray([  1, 305,   0,  12,  14,   0,  12,   0,   0,   0,   0], ['player_id', 'minerals', 'vespene', 'food_used', 'food_cap', 'food_army', 'food_workers', 'idle_worker_count', 'army_count', 'warp_gate_count', 'larva_count']), 'control_groups': numpy.array([[0, 0],
       [0, 0],
       [0, 0],
       [0, 0],
       [0, 0],
       [0, 0],
       [0, 0],
       [0, 0],
       [0, 0],
       [0, 0]]), 'feature_units': NamedNumpyArray([[  666,     3, 10000,     0,     0,     0,   100,   255,
                      0,     0,     1,    16,    32,    19,     4,     3,
                      3,     0,     0,     0,   855,     0,     0,     0,
                      0,     0],
                 [  104,     1,    40,     0,     0,     0,   100,   255,
                      0,     0,     1,     1,    32,    25,     2,     1,
                      3,     0,     0,     0,     0,     0,     0,     0,
                      0,     0],
                 [  104,     1,    40,     0,     0,     0,   100,   255,
                      0,     0,     1,     1,    35,    32,     5,     1,
                      3,     0,     0,     0,     0,     0,     0,     0,
                      0,     0],
                 [  106,     1,   200,     0,     0,     0,   100,   255,
                      0,     0,     1,     1,    58,    50,     5,     3,
                      3,     0,     0,     0,     0,     0,     0,     0,
                      0,     0],
                 [  104,     1,    40,     0,     0,     0,   100,   255,
                      0,     0,     1,     1,    33,    40,     3,     1,
                      3,     0,     0,     0,     0,     0,     0,     0,
                      0,     0],
                 [  104,     1,    40,     0,     0,     0,   100,   255,
                      0,     0,     1,     1,    30,    34,     2,     1,
                      3,     0,     0,     0,     0,     0,     0,     0,
                      0,     0],
                 [  151,     1,    25,     0,     0,     0,   100,   255,
                      0,     0,     1,     1,    48,    50,     1,     0,
                      3,     0,     0,     0,     0,     0,     0,     0,
                      0,     0],
                 [  666,     3, 10000,     0,     0,     0,   100,   255,
                      0,     0,     1,    16,    46,    15,     4,     3,
                      3,     0,     0,     0,   880,     0,     0,     0,
                      0,     0],
                 [  104,     1,    40,     0,     0,     0,   100,   255,
                      0,     0,     1,     1,    26,    37,     3,     1,
                      3,     0,     0,     0,     0,     0,     0,     0,
                      0,     0],
                 [  104,     1,    40,     0,     0,     0,   100,   255,
                      0,     0,     1,     1,    44,    25,     1,     1,
                      3,     0,     0,     0,     0,     0,     0,     0,
                      0,     0],
                 [  343,     3, 10000,     0,     0,     0,   100,   255,
                      0,     0,     1,    16,    23,    50,     4,     5,
                      3,     0,     0,     0,     0,  2250,     0,     0,
                      0,     0],
                 [  666,     3, 10000,     0,     0,     0,   100,   255,
                      0,     0,     1,    16,    21,    36,     4,     3,
                      3,     0,     0,     0,   880,     0,     0,     0,
                      0,     0],
                 [  343,     3, 10000,     0,     0,     0,   100,   255,
                      0,     0,     1,    16,    58,    15,     4,     5,
                      3,     0,     0,     0,     0,  2250,     0,     0,
                      0,     0],
                 [  104,     1,    40,     0,     0,     0,   100,   255,
                      0,     0,     1,     1,    47,    18,     1,     1,
                      3,     0,     0,     0,     0,     0,     0,     0,
                      0,     0],
                 [  104,     1,    40,     0,     0,     0,   100,   255,
                      0,     0,     1,     1,    34,    22,     2,     1,
                      3,     0,     0,     0,     0,     0,     0,     0,
                      0,     0],
                 [  665,     3, 10000,     0,     0,     0,   100,   255,
                      0,     0,     1,    16,    42,    19,     4,     3,
                      3,     0,     0,     0,  1775,     0,     0,     0,
                      0,     0],
                 [  666,     3, 10000,     0,     0,     0,   100,   255,
                      0,     0,     1,    16,    25,    26,     4,     3,
                      3,     0,     0,     0,   855,     0,     0,     0,
                      0,     0],
                 [  665,     3, 10000,     0,     0,     0,   100,   255,
                      0,     0,     1,    16,    25,    40,     4,     3,
                      3,     0,     0,     0,  1775,     0,     0,     0,
                      0,     0],
                 [   86,     1,  1500,     0,     0,     0,   100,   255,
                      0,     0,     1,     1,    48,    40,     4,     9,
                      3,     0,     0,     0,     0,     0,     0,    12,
                     16,     0],
                 [  665,     3, 10000,     0,     0,     0,   100,   255,
                      0,     0,     1,    16,    28,    22,     4,     3,
                      3,     0,     0,     0,  1755,     0,     0,     0,
                      0,     0],
                 [  104,     1,    40,     0,     0,     0,   100,   255,
                      0,     0,     1,     1,    35,    23,     5,     1,
                      3,     0,     0,     0,     0,     0,     0,     0,
                      0,     0],
                 [  151,     1,    25,     0,     0,     0,   100,   255,
                      0,     0,     1,     1,    52,    50,     1,     0,
                      3,     0,     0,     0,     0,     0,     0,     0,
                      0,     0],
                 [  104,     1,    40,     0,     0,     0,   100,   255,
                      0,     0,     1,     1,    29,    28,     2,     1,
                      3,     0,     0,     0,     0,     0,     0,     0,
                      0,     0],
                 [  104,     1,    40,     0,     0,     0,   100,   255,
                      0,     0,     1,     1,    35,    28,     5,     1,
                      3,     0,     0,     0,     0,     0,     0,     0,
                      0,     0],
                 [  104,     1,    40,     0,     0,     0,   100,   255,
                      0,     0,     1,     1,    37,    37,     2,     1,
                      3,     0,     0,     0,     0,     0,     0,     0,
                      0,     0],
                 [  665,     3, 10000,     0,     0,     0,   100,   255,
                      0,     0,     1,    16,    25,    33,     4,     3,
                      3,     0,     0,     0,  1755,     0,     0,     0,
                      0,     0],
                 [  151,     1,    25,     0,     0,     0,   100,   255,
                      0,     0,     1,     1,    44,    49,     3,     0,
                      3,     0,     0,     0,     0,     0,     0,     0,
                      0,     0]], [None, ['unit_type', 'alliance', 'health', 'shield', 'energy', '...', 'vespene_contents', 'cargo_space_max', 'assigned_harvesters', 'ideal_harvesters', 'weapon_cooldown']]), 'available_actions': numpy.array([0, 1, 2, 3, 4])}
) 
                      
                      
                      
                      
                      
                         dummy_observation_test
    a =['single_select', 'multi_select', 'build_queue', 'cargo',
                            'cargo_slots_available', 'feature_screen',
                             'feature_minimap', 'last_actions', 'action_result',
                              'alerts', 'game_loop', 'score_cumulative', 'player', 
                              'control_groups', 'feature_units', 'available_actions']
    k = ([],[],[],[],[],[],[],[],[],[],[],[],[],[],[],[])